set xrange [-15:15]
set yrange [-15:15]
set style fill transparent solid 0.9 noborder
set title 'Top 10 colors'
plot '-' with circles lc rgbcolor variable
0 0 10 -36 0 0x{"code": "couleurs"
0 0 10 36 72 0x#0e0e0c"
0 0 10 72 108 0x#0f0f0d"
0 0 10 108 144 0x#10100e"
0 0 10 144 180 0x#0d0d0b"
0 0 10 180 216 0x#e42338"
0 0 10 216 252 0x#e52439"
0 0 10 252 288 0x#e32235"
0 0 10 288 324 0x#0c0c0a"
0 0 10 324 360 0x#11110f"
0 0 10 360 396 0x#e62538"
0 0 10 396 432 0x#0b0d0c"
0 0 10 432 468 0x#e72639"
0 0 10 468 504 0x#090b08"
0 0 10 504 540 0x#e2222f"
0 0 10 540 576 0x#0b0b09"
0 0 10 576 612 0x#e22134"
0 0 10 612 648 0x#0a0a08"
0 0 10 648 684 0x#121210"
0 0 10 684 720 0x#d21c29"
0 0 10 720 756 0x#e1212e"
0 0 10 756 792 0x#d31d2a"
0 0 10 792 828 0x#cb1925"
0 0 10 828 864 0x#ca1824"
0 0 10 864 900 0x#c91723"
0 0 10 900 936 0x#e5253a"
0 0 10 936 972 0x#0a0c0b"
0 0 10 972 1008 0x#d91f2d"]}]
e
