set xrange [-15:15]
set yrange [-15:15]
set style fill transparent solid 0.9 noborder
set title 'Top 10 colors'
plot '-' with circles lc rgbcolor variable
0 0 10 -36 0 0xouleurs: 30
0 0 10 36 72 0x0e0f09
0 0 10 72 108 0x0e0403
0 0 10 108 144 0x0f100a
0 0 10 144 180 0x11120c
0 0 10 180 216 0x0f0504
0 0 10 216 252 0x0d0e08
0 0 10 252 288 0x11100b
0 0 10 288 324 0x0f0e09
0 0 10 324 360 0x100f0a
0 0 10 360 396 0x0e0d08
0 0 10 396 432 0x0c0d07
0 0 10 432 468 0x0d0c07
0 0 10 468 504 0x0b0603
0 0 10 504 540 0x11120a
0 0 10 540 576 0x0a0905
0 0 10 576 612 0x12130b
0 0 10 612 648 0x12130d
0 0 10 648 684 0x090804
0 0 10 684 720 0x0b0c06
0 0 10 720 756 0x080703
0 0 10 756 792 0x12110c
0 0 10 792 828 0x101109
0 0 10 828 864 0x0c0b06
0 0 10 864 900 0x13140c
0 0 10 900 936 0x0a0b05
0 0 10 936 972 0xfbcc0d
0 0 10 972 1008 0xfcd20c
0 0 10 1008 1044 0x0d0302
0 0 10 1044 1080 0x180a07
e
